Número de productes: 11
1 A
2 B
3 C
4 D
5 E
6 F
7 G
8 H
9 I
10 J
11 K
Matriu similituds:
0.00000 0.93227 0.77093 0.11742 0.37251 0.02635 0.06469 0.28613 0.14776 0.90892 0.06607
0.93227 0.00000 0.94603 0.66941 0.84466 0.52769 0.68024 0.34867 0.31164 0.50013 0.64357
0.77093 0.94603 0.00000 0.91165 0.41335 0.99989 0.76596 0.67057 0.61337 0.26683 0.16910
0.11742 0.66941 0.91165 0.00000 0.10494 0.52135 0.13473 0.67843 0.81150 0.56092 0.41088
0.37251 0.84466 0.41335 0.10494 0.00000 0.85904 0.46616 0.91183 0.70234 0.06005 0.73826
0.02635 0.52769 0.99989 0.52135 0.85904 0.00000 0.27820 0.23321 0.53240 0.59673 0.40994
0.06469 0.68024 0.76596 0.13473 0.46616 0.27820 0.00000 0.80062 0.86222 0.81275 0.33904
0.28613 0.34867 0.67057 0.67843 0.91183 0.23321 0.80062 0.00000 0.95140 0.71873 0.77766
0.14776 0.31164 0.61337 0.81150 0.70234 0.53240 0.86222 0.95140 0.00000 0.15929 0.28979
0.90892 0.50013 0.26683 0.56092 0.06005 0.59673 0.81275 0.71873 0.15929 0.00000 0.56632
0.06607 0.64357 0.16910 0.41088 0.73826 0.40994 0.33904 0.77766 0.28979 0.56632 0.00000
