Número de productes: 10
99 A
2 B
3 C
47 D
5 E
6 F
7 G
8 H
9 I
10 J
Matriu similituds:
0.00000 0.45993 0.24879 0.23571 0.87555 0.21405 0.48363 0.56905 0.54603 0.78241
0.45993 0.00000 0.95652 0.34534 0.52854 0.21046 0.95344 0.61530 0.07838 0.52145
0.24879 0.95652 0.00000 0.22708 0.38218 0.24178 0.76750 0.66374 0.46176 0.24194
0.23571 0.34534 0.22708 0.00000 0.49100 0.31468 0.16640 0.83604 0.16132 0.80402
0.87555 0.52854 0.38218 0.49100 0.00000 0.91253 0.51305 0.73467 0.90375 0.04154
0.21405 0.21046 0.24178 0.31468 0.91253 0.00000 0.01394 0.39392 0.12681 0.32547
0.48363 0.95344 0.76750 0.16640 0.51305 0.01394 0.00000 0.70347 0.17414 0.08949
0.56905 0.61530 0.66374 0.83604 0.73467 0.39392 0.70347 0.00000 0.76388 0.72554
0.54603 0.07838 0.46176 0.16132 0.90375 0.12681 0.17414 0.76388 0.00000 0.85668
0.78241 0.52145 0.24194 0.80402 0.04154 0.32547 0.08949 0.72554 0.85668 0.00000
