Número de productes: 8
1 A
2 B
3 C
4 D
5 E
6 F
7 G
8 H
Matriu similituds:
0.00000 0.56919 0.83560 0.89508 0.58424 0.43506 0.48424 0.64393
0.56919 0.00000 0.00698 0.18509 0.64701 0.34157 0.88145 0.55371
0.83560 0.00698 0.00000 0.59649 0.94415 0.37622 0.27426 0.69862
0.89508 0.18509 0.59649 0.00000 0.27392 0.54922 0.35585 0.90471
0.58424 0.64701 0.94415 0.27392 0.00000 0.09514 0.38336 0.77746
0.43506 0.34157 0.37622 0.54922 0.09514 0.00000 0.04886 0.78031
0.48424 0.88145 0.27426 0.35585 0.38336 0.04886 0.00000 0.48586
0.64393 0.55371 0.69862 0.90471 0.77746 0.78031 0.48586 0.00000
